tree
version=v4
num_class=1
num_tree_per_iteration=1
label_index=0
max_feature_idx=26
objective=regression
feature_names=ma_dispersion_atr ma_dispersion_mean_5 ma_dispersion_min_10 ma_dispersion_slope_5 compression_duration ema20_slope_5 sma20_slope_5 ema60_slope_10 sma120_slope_20 short_long_slope_gap close_to_cluster_atr close_above_cluster_ratio_10 close_below_cluster_ratio_10 close_inside_cluster_ratio_10 cluster_penetration_count_10 failed_reclaim_count_10 max_consecutive_close_above_10 return_20 return_60 linear_slope_60 distance_from_high_60_atr price_location_in_range_60 body_ratio range_atr atr_ratio_5_20 volume_zscore_20 distance_to_low_20_atr
feature_infos=[0.87830191436858063:1.789665660062745] [1.4022371092549872:2.1213506334948948] [0.66321420096944617:1.7827744850527834] [-2.5816239210522118:-0.022687818317986608] none [-1.7388258088656923:1.663219826433108] [-1.2007487411120639:1.2056275646237742] [-0.66394840562681912:0.71779819494792962] [-1.8506380928295783:1.5381288437972205] [-2.3021990128980208:2.3419356262964994] [-6.1277701679436669:4.3748874996871914] [0:1] [0:1] [0:1] [0:6] [0:10] [0:10] [-0.045793302745316677:0.051999514361217081] [-0.035524663380022914:0.046934277433574589] [-0.11419501870622567:0.11373766315723649] [0.016093506450376306:8.581385414718202] [0.029839883551670051:0.99775433244353973] [0.00137551581846194:1] [0.34194512656580145:3.9734080525210476] [0.39777796202637:2.4808811504978188] [-1.6131994149665703:3.7821374536354355] [0.12373677260812897:7.323268413693552]
tree_sizes=844 899 897 901 898 898 892 894 907 894 903 992 997 746 822 903 824 745 906 823

Tree=0
num_leaves=9
num_cat=0
split_feature=2 11 13 2 2 9 5 24
split_gain=95.693 195.415 182.155 93.5981 93.5567 62.6759 59.41 51.4112
threshold=1.4235167923761922 0.35000000000000003 0.55000000000000016 1.529192199769964 1.5723414225672381 -0.2159258562147901 0.26919032447061636 0.99375550431715476
decision_type=2 2 2 2 2 2 2 2
left_child=1 -1 -3 5 -5 -2 7 -6
right_child=3 2 -4 4 6 -7 -8 -9
leaf_value=1.4463026428878631 1.4015248229921189 1.4910095765889015 1.6175149042904702 1.5415288673256451 1.5222935407683578 1.4701459961726615 1.4357845010786032 1.4670082989836937
leaf_weight=25 25 21 20 21 24 23 29 41
leaf_count=25 25 21 20 21 24 23 29 41
internal_value=1.48193 1.51241 1.55272 1.46959 1.48428 1.43441 1.47149 1.48742
internal_weight=229 66 41 163 115 48 94 65
internal_count=229 66 41 163 115 48 94 65
is_linear=0
shrinkage=1


Tree=1
num_leaves=9
num_cat=0
split_feature=3 12 20 3 7 7 0 24
split_gain=102.661 267.647 83.9568 82.2694 92.7974 46.3704 49.6015 28.0344
threshold=-0.82124614671086571 0.65000000000000002 4.4500747666792666 -0.65362174781807891 -0.12702960811521413 0.12296740794515103 1.6129091341741704 1.0050978040758667
decision_type=2 2 2 2 2 2 2 2
left_child=1 2 -1 -2 -5 7 -7 -6
right_child=3 -3 -4 4 5 6 -8 -9
leaf_value=0.12197771906107663 -0.054460725103589618 -0.055895801128819582 0.035051803976297376 0.038877717367297893 -0.012825058093294501 -0.02681703413526217 0.030687460754480627 -0.060477856242656704
leaf_weight=20 33 20 20 37 20 27 27 25
leaf_count=20 33 20 20 37 20 27 27 25
internal_value=1.36648e-11 0.0337112 0.0785148 -0.0119685 -0.00165787 -0.0168075 0.00193521 -0.0392988
internal_weight=229 60 40 169 136 99 54 45
internal_count=229 60 40 169 136 99 54 45
is_linear=0
shrinkage=0.03


Tree=2
num_leaves=9
num_cat=0
split_feature=3 12 10 12 20 22 23 3
split_gain=96.5941 251.829 121.173 108.291 78.995 64.7469 62.0015 46.2865
threshold=-0.82124614671086571 0.65000000000000002 -1.0438378528264398 0.75000000000000011 4.4500747666792666 0.364492281502587 0.7896139549907174 -0.54450733362315662
decision_type=2 2 2 2 2 2 2 2
left_child=1 4 -2 5 -1 6 -4 -7
right_child=2 -3 3 -5 -6 7 -8 -9
leaf_value=0.11831838957220316 -0.0674236897815918 -0.05421892849355936 -0.026595805862120219 0.059461175365292503 0.034000248759984968 -0.06591723876154941 0.040166841774217539 -0.012973283465419497
leaf_weight=20 29 20 21 23 20 23 31 42
leaf_count=20 29 20 21 23 20 23 31 42
internal_value=5.85635e-12 0.0326999 -0.0116094 -4.79085e-05 0.0761593 -0.0117463 0.013205 -0.0317073
internal_weight=229 60 169 140 40 117 52 65
internal_count=229 60 169 140 40 117 52 65
is_linear=0
shrinkage=0.03


Tree=3
num_leaves=9
num_cat=0
split_feature=3 12 10 7 22 3 0 7
split_gain=90.8854 236.946 114.011 102.207 41.4845 48.8881 33.9491 33.7789
threshold=-0.82124614671086571 0.65000000000000002 -1.0438378528264398 -0.12702960811521413 0.364492281502587 -0.34294865894779963 1.2903894126065734 0.14938376464655537
decision_type=2 2 2 2 2 2 2 2
left_child=1 6 -2 -4 7 -6 -1 -5
right_child=2 -3 3 4 5 -7 -8 -9
leaf_value=0.046236601129174236 -0.065400978388457473 -0.052592359196394683 0.044351071496627162 -0.020108875557780265 -0.05419686013992344 0.0037024240834372382 0.10151247777789831 0.029718348330259322
leaf_weight=20 29 20 35 24 35 21 20 25
leaf_count=20 29 20 35 24 35 21 20 25
internal_value=8.3209e-11 0.0317189 -0.0112612 -4.64714e-05 -0.0148457 -0.0324846 0.0738745 0.00531318
internal_weight=229 60 169 140 105 56 40 49
internal_count=229 60 169 140 105 56 40 49
is_linear=0
shrinkage=0.03


Tree=4
num_leaves=9
num_cat=0
split_feature=3 11 20 3 7 7 0 24
split_gain=85.514 222.943 74.3264 72.3771 81.7272 41.0167 44.7297 25.5352
threshold=-0.82124614671086571 0.35000000000000003 4.4500747666792666 -0.65362174781807891 -0.12702960811521413 0.12296740794515103 1.6129091341741704 1.0050978040758667
decision_type=2 2 2 2 2 2 2 2
left_child=1 -1 -3 -2 -5 7 -7 -6
right_child=3 2 -4 4 5 6 -8 -9
leaf_value=-0.051014589942991732 -0.050779065733606167 0.11255259968340396 0.030764005422592163 0.036788564706976348 -0.011356746420264243 -0.025145908710029388 0.029461576787547933 -0.056835849156975739
leaf_weight=20 33 20 20 37 20 27 27 25
leaf_count=20 33 20 20 37 20 27 27 25
internal_value=-3.975e-10 0.0307673 0.0716583 -0.0109233 -0.00125244 -0.0154698 0.00215783 -0.0366229
internal_weight=229 60 40 169 136 99 54 45
internal_count=229 60 40 169 136 99 54 45
is_linear=0
shrinkage=0.03


Tree=5
num_leaves=9
num_cat=0
split_feature=3 11 20 3 7 7 22 24
split_gain=80.4602 209.767 69.9337 68.0996 76.8971 38.5926 32.8276 24.026
threshold=-0.82124614671086571 0.35000000000000003 4.4500747666792666 -0.65362174781807891 -0.12702960811521413 0.12296740794515103 0.52302187951194801 1.0050978040758667
decision_type=2 2 2 2 2 2 2 2
left_child=1 -1 -3 -2 -5 7 -7 -6
right_child=3 2 -4 4 5 6 -8 -9
leaf_value=-0.049484150737524032 -0.049255692498250438 0.10917602173425257 0.029841085150837898 0.03568490791159707 -0.011016043145209551 0.023810854978088675 -0.023099497448885814 -0.055130773763358593
leaf_weight=20 33 20 20 37 20 29 25 25
leaf_count=20 33 20 20 37 20 29 25 25
internal_value=6.2849e-11 0.0298443 0.0695086 -0.0105956 -0.00121486 -0.0150057 0.0020931 -0.0355242
internal_weight=229 60 40 169 136 99 54 45
internal_count=229 60 40 169 136 99 54 45
is_linear=0
shrinkage=0.03


Tree=6
num_leaves=9
num_cat=0
split_feature=2 11 13 2 2 5 9 24
split_gain=76.3956 137.296 165.355 76.4886 90.6907 54.89 54.3131 44.6049
threshold=1.4235167923761922 0.35000000000000003 0.55000000000000016 1.529192199769964 1.5723414225672381 0.26919032447061636 -0.2159258562147901 0.99375550431715476
decision_type=2 2 2 2 2 2 2 2
left_child=1 -1 -3 6 -5 7 -2 -6
right_child=3 2 -4 4 5 -7 -8 -9
leaf_value=-0.028180837225914 -0.073444097310304643 0.0022228917905262537 0.12275344490446151 0.058615771532058714 0.037453321525827046 -0.044662286947272582 -0.0095647616036560208 -0.014042471280185187
leaf_weight=25 25 21 20 21 24 29 23 41
leaf_count=25 25 21 20 21 24 29 23 41
internal_value=8.83638e-11 0.0272307 0.0610183 -0.0110259 0.00225098 -0.0103411 -0.0428352 0.00497136
internal_weight=229 66 41 163 115 94 48 65
internal_count=229 66 41 163 115 94 48 65
is_linear=0
shrinkage=0.03


Tree=7
num_leaves=9
num_cat=0
split_feature=2 25 25 2 2 5 9 24
split_gain=71.8806 142.641 163.077 71.9682 85.3308 51.646 51.1032 41.9688
threshold=1.4235167923761922 1.5508668213800889 0.3196819754114269 1.529192199769964 1.5723414225672381 0.26919032447061636 -0.2159258562147901 0.99375550431715476
decision_type=2 2 2 2 2 2 2 2
left_child=1 2 -1 6 -5 7 -2 -6
right_child=3 -3 -4 4 5 -7 -8 -9
leaf_value=0.0054614384472370147 -0.071240774211287494 -0.038146852850914001 0.12039298347383737 0.056857298995767316 0.03632972147781402 -0.043322418718759352 -0.0092778180863546285 -0.013621196772267178
leaf_weight=25 25 21 20 21 24 29 23 41
leaf_count=25 25 21 20 21 24 29 23 41
internal_value=-2.90865e-10 0.0264138 0.0565421 -0.0106952 0.00218346 -0.0100309 -0.0415502 0.00482222
internal_weight=229 66 45 163 115 94 48 65
internal_count=229 66 45 163 115 94 48 65
is_linear=0
shrinkage=0.03


Tree=8
num_leaves=9
num_cat=0
split_feature=21 23 26 18 17 25 24 13
split_gain=70.72 162.673 131.544 121.469 63.5846 55.4598 54.5931 29.4844
threshold=0.43797809977948388 1.3207531308198728 0.78998018303154616 -0.010877355566432155 -0.00069144702707996098 0.10552837650366588 1.1787023957919958 0.75000000000000011
decision_type=2 2 2 2 2 2 2 2
left_child=2 4 -1 -4 -2 -5 7 -6
right_child=1 -3 3 5 6 -7 -8 -9
leaf_value=0.035622976289855106 0.032109808642999269 0.076809817199306241 0.0074996168567584114 -0.040468689545989034 0.02121150274761021 -0.11111843110620974 -0.056886386430781824 -0.023968412936306915
leaf_weight=27 32 29 26 20 26 20 23 26
leaf_count=27 32 29 26 20 26 20 23 26
internal_value=3.3186e-11 0.0137863 -0.0201606 -0.0429811 -0.00329488 -0.0757936 -0.0184009 -0.00137846
internal_weight=229 136 93 66 107 40 75 52
internal_count=229 136 93 66 107 40 75 52
is_linear=0
shrinkage=0.03


Tree=9
num_leaves=9
num_cat=0
split_feature=2 25 25 0 0 26 9 23
split_gain=66.6913 136.924 149.193 66.631 70.5766 53.1948 48.9922 18.7516
threshold=1.4235167923761922 1.5508668213800889 0.3196819754114269 1.529192199769964 1.572362322626655 1.5522457977519601 -0.2159258562147901 0.65599144497478601
decision_type=2 2 2 2 2 2 2 2
left_child=1 2 -1 6 -5 -6 -2 -7
right_child=3 -3 -4 4 5 7 -8 -9
leaf_value=0.006103080797195435 -0.071976214057725404 -0.037811085070882523 0.11603304362297058 0.051406973493950701 0.027460116079220404 -0.046485835814715493 -0.0093558193337891921 -0.012704622467234731
leaf_weight=25 23 21 20 21 26 21 22 50
leaf_count=25 23 21 20 21 26 21 22 50
internal_value=-2.48071e-10 0.0254425 0.0549608 -0.0103019 0.00154302 -0.00925227 -0.0413618 -0.0226962
internal_weight=229 66 45 163 118 97 45 71
internal_count=229 66 45 163 118 97 45 71
is_linear=0
shrinkage=0.03


Tree=10
num_leaves=9
num_cat=0
split_feature=3 11 10 11 22 23 3 0
split_gain=67.0768 184.299 98.9439 90.3958 56.2418 55.4251 41.3063 34.5812
threshold=-0.82124614671086571 0.35000000000000003 -1.0438378528264398 0.25000000000000006 0.364492281502587 0.7896139549907174 -0.54450733362315662 1.2903894126065734
decision_type=2 2 2 2 2 2 2 2
left_child=1 -1 -2 -4 5 -5 -6 -3
right_child=2 7 3 4 6 -7 -8 -9
leaf_value=-0.047107688337564464 -0.060109984011485658 0.036533945448696613 0.055143158801871796 -0.02429115509348256 -0.060836150011290668 0.038831568360328673 -0.010821476695793015 0.092322042474523192
leaf_weight=20 29 20 23 21 23 31 42 20
leaf_count=20 29 20 23 21 23 31 42 20
internal_value=-6.34438e-12 0.0272494 -0.00967435 0.000773025 -0.00991512 0.0133397 -0.028519 0.064428
internal_weight=229 60 169 140 117 52 65 40
internal_count=229 60 169 140 117 52 65 40
is_linear=0
shrinkage=0.03


Tree=11
num_leaves=10
num_cat=0
split_feature=21 8 23 26 18 5 22 17 25
split_gain=65.2025 173.996 150.41 75.8871 86.754 70.9267 76.4513 31.0707 26.9023
threshold=0.43797809977948388 0.064000183401331012 1.3207531308198728 0.78998018303154616 -0.010485700622910486 0.10923484925573441 0.53639682875550909 0.0081649412090443203 -0.32806019018249671
decision_type=2 2 2 2 2 2 2 2 2
left_child=1 -1 5 -3 -5 8 7 -7 -2
right_child=2 3 -4 4 -6 6 -8 -9 -10
leaf_value=-0.093075168525630775 0.050589013695716854 0.049771149889989333 0.073839013697258357 0.030769216865301131 -0.050448379550000713 -0.025975917943499304 -0.072057037308812147 0.025040538523878369 0.0036246098893816057
leaf_weight=22 21 22 29 20 29 22 20 21 23
leaf_count=22 21 22 29 20 29 22 20 21 23
internal_value=3.17219e-12 -0.0193581 0.0132376 0.00348376 -0.0172983 -0.00318714 -0.0235994 -0.0010609 0.0260394
internal_weight=229 93 136 71 49 107 63 43 44
internal_count=229 93 136 71 49 107 63 43 44
is_linear=0
shrinkage=0.03


Tree=12
num_leaves=10
num_cat=0
split_feature=20 18 0 21 17 17 23 5 21
split_gain=63.0189 90.4233 105.755 69.0269 117.667 58.7616 38.7708 56.724 23.1988
threshold=1.0954381717204054 -0.0030940598353652034 1.4235167923761922 0.30652752366825614 -0.00062311717705659786 -0.0068846670909877275 1.1617412269620082 0.16299455371185304 0.71107376365501418
decision_type=2 2 2 2 2 2 2 2 2
left_child=-1 2 -2 -3 5 -5 7 -4 -6
right_child=1 3 6 4 8 -7 -8 -9 -10
leaf_value=0.04952917127736977 0.057933143939290728 -0.070948990927162489 0.045568387419451031 -0.016780481186695395 -0.025927827367963997 0.051617820750062285 -0.040495171972683493 -0.025882016502320766 -0.069539877559457508
leaf_weight=21 35 22 20 20 23 26 21 20 21
leaf_count=21 35 22 20 20 23 26 21 20 21
internal_value=-4.42033e-10 -0.00500054 0.0163645 -0.0233134 -0.0116692 0.0218794 -0.00748641 0.00984319 -0.0467427
internal_weight=229 208 96 112 90 46 61 40 44
internal_count=229 208 96 112 90 46 61 40 44
is_linear=0
shrinkage=0.03


Tree=13
num_leaves=7
num_cat=0
split_feature=5 0 18 21 21 20
split_gain=61.5313 138.885 75.2208 44.0292 79.6187 71.9682
threshold=-0.8208977730666831 1.4235167923761922 -0.0015324134574373203 0.81690407426822675 0.67201383392739766 3.0095624780677004
decision_type=2 2 2 2 2 2
left_child=-1 2 -2 4 5 -3
right_child=1 3 -4 -5 -6 -7
leaf_value=-0.04544885367155075 0.091297978000207378 0.040254283274213473 0.014499551970511674 0.033657582946121693 -0.058169100826670379 -0.016131152571347285
leaf_weight=24 22 27 24 20 29 83
leaf_count=24 22 27 24 20 29 83
internal_value=-2.13513e-11 0.00532084 0.0512292 -0.00796083 -0.0139491 -0.00229109
internal_weight=229 205 46 159 139 110
internal_count=229 205 46 159 139 110
is_linear=0
shrinkage=0.03


Tree=14
num_leaves=8
num_cat=0
split_feature=25 3 25 10 5 22 7
split_gain=62.1675 196.529 110.927 94.4419 62.4705 87.109 33.7339
threshold=1.5508668213800889 -0.84749083645977796 0.29548895079590792 -1.0438378528264398 0.26919032447061636 0.27046441259753801 -0.14345740721922487
decision_type=2 2 2 2 2 2 2
left_child=1 2 -1 -3 6 -6 -5
right_child=-2 3 -4 4 5 -7 -8
leaf_value=0.015999081820249558 -0.036192005239427089 -0.064763875833672033 0.11591611469909548 0.049257893071255894 0.023377290599048136 -0.057450767528265709 0.0056289825432709059
leaf_weight=20 36 23 20 22 20 30 58
leaf_count=20 36 23 20 22 20 30 58
internal_value=8.21109e-11 0.00675084 0.0659576 -0.00872805 0.00118598 -0.0251195 0.0176269
internal_weight=229 193 40 153 130 50 80
internal_count=229 193 40 153 130 50 80
is_linear=0
shrinkage=0.03


Tree=15
num_leaves=9
num_cat=0
split_feature=21 8 2 26 18 25 21 6
split_gain=59.2032 155.963 128.367 70.9839 77.3634 40.6086 78.9356 29.721
threshold=0.43797809977948388 0.064000183401331012 1.4345196518248726 0.78998018303154616 -0.010485700622910486 0.2145480587910151 0.67201383392739766 0.28955099892683028
decision_type=2 2 2 2 2 2 2 2
left_child=1 -1 -2 -3 -5 6 7 -4
right_child=2 3 5 4 -6 -7 -8 -9
leaf_value=-0.088238543597134664 0.069855388452165879 0.047946832952174272 0.031172952008699729 0.028471818298101425 -0.048224264234304426 0.028868015417163925 -0.049606731436215336 -0.016709879108704626
leaf_weight=22 28 22 28 20 29 28 32 20
leaf_count=22 28 22 28 20 29 28 32 20
internal_value=1.98384e-10 -0.0184461 0.0126139 0.00317976 -0.0169197 -0.00222654 -0.0131096 0.0112218
internal_weight=229 93 136 71 49 108 80 48
internal_count=229 93 136 71 49 108 80 48
is_linear=0
shrinkage=0.03


Tree=16
num_leaves=8
num_cat=0
split_feature=25 3 25 10 5 22 7
split_gain=59.9719 181.437 101.931 88.2863 57.2239 80.9565 30.5535
threshold=1.5508668213800889 -0.84749083645977796 0.29548895079590792 -1.0438378528264398 0.26919032447061636 0.27046441259753801 -0.14345740721922487
decision_type=2 2 2 2 2 2 2
left_child=1 2 -1 -3 6 -6 -5
right_child=-2 3 -4 4 5 -7 -8
leaf_value=0.015628731250762938 -0.035547155377765496 -0.062420996686686631 0.11140844419598579 0.047181741558015342 0.022919489745050668 -0.055001839801669124 0.0056604140480289809
leaf_weight=20 36 23 20 22 20 30 58
leaf_count=20 36 23 20 22 20 30 58
internal_value=-3.42993e-10 0.00663056 0.0635186 -0.00824213 0.00134336 -0.0238333 0.0170788
internal_weight=229 193 40 153 130 50 80
internal_count=229 193 40 153 130 50 80
is_linear=0
shrinkage=0.03


Tree=17
num_leaves=7
num_cat=0
split_feature=5 0 18 26 5 3
split_gain=59.4484 120.535 69.1215 38.0287 61.8331 60.5544
threshold=-0.8208977730666831 1.4235167923761922 -0.0015324134574373203 3.4812620970268164 0.26919032447061636 -0.63383808346017501
decision_type=2 2 2 2 2 2
left_child=-1 2 -2 4 5 -3
right_child=1 3 -4 -5 -6 -7
leaf_value=-0.04467296205461025 0.086407972316850309 -0.046990644030950282 0.012789017893373967 0.023280612904578446 -0.052787413640782745 0.0093647445448172776
leaf_weight=24 22 22 24 30 29 78
leaf_count=24 22 22 24 30 29 78
internal_value=1.24325e-10 0.00523001 0.0479981 -0.00714315 -0.0142184 -0.00303344
internal_weight=229 205 46 159 129 100
internal_count=229 205 46 159 129 100
is_linear=0
shrinkage=0.03


Tree=18
num_leaves=9
num_cat=0
split_feature=20 18 0 2 11 17 23 5
split_gain=58.0817 79.7665 79.9914 70.4147 70.5152 128.676 32.2474 48.8129
threshold=1.0954381717204054 -0.0030940598353652034 1.4235167923761922 1.6759765311457959 0.35000000000000003 -0.0029024908531030675 1.1617412269620082 0.16299455371185304
decision_type=2 2 2 2 2 2 2 2
left_child=-1 2 -2 4 -3 -6 7 -4
right_child=1 3 6 -5 5 -7 -8 -9
leaf_value=0.047549425768000739 0.051418403378554751 -0.079568527276101308 0.043467727507464582 0.02354849741794169 0.030073056600189631 -0.055167528112997875 -0.035581325037138803 -0.022813184682279823
leaf_weight=21 35 23 20 24 28 37 21 20
leaf_count=21 35 23 20 24 28 37 21 20
internal_value=-2.38402e-10 -0.00480066 0.0152659 -0.0220006 -0.0344231 -0.0184485 -0.00547733 0.0103273
internal_weight=229 208 96 112 88 65 61 40
internal_count=229 208 96 112 88 65 61 40
is_linear=0
shrinkage=0.03


Tree=19
num_leaves=8
num_cat=0
split_feature=25 3 25 10 5 22 7
split_gain=57.9428 166.109 91.7149 83.1713 50.7711 76.7762 28.0712
threshold=1.5508668213800889 -0.84749083645977796 0.29548895079590792 -1.0438378528264398 0.26919032447061636 0.27046441259753801 -0.14345740721922487
decision_type=2 2 2 2 2 2 2
left_child=1 2 -1 -3 6 -6 -5
right_child=-2 3 -4 4 5 -7 -8
leaf_value=0.015522734642028808 -0.034940634580949939 -0.060299170386532083 0.10637614227086306 0.045266403623602604 0.023405540328472852 -0.052477362640202044 0.0054675075771479769
leaf_weight=20 36 23 20 22 20 30 58
leaf_count=20 36 23 20 22 20 30 58
internal_value=9.17495e-11 0.00651742 0.0609494 -0.00771317 0.00159051 -0.0221242 0.0164122
internal_weight=229 193 40 153 130 50 80
internal_count=229 193 40 153 130 50 80
is_linear=0
shrinkage=0.03


end of trees

feature_importances:
ma_dispersion_slope_5=16
volume_zscore_20=13
ma_dispersion_min_10=12
ema20_slope_5=12
ema60_slope_10=11
ma_dispersion_atr=10
price_location_in_range_60=8
body_ratio=8
close_above_cluster_ratio_10=7
return_60=7
distance_from_high_60_atr=7
range_atr=7
atr_ratio_5_20=7
close_to_cluster_atr=6
return_20=5
distance_to_low_20_atr=5
short_long_slope_gap=4
close_below_cluster_ratio_10=4
close_inside_cluster_ratio_10=3
sma120_slope_20=2
sma20_slope_5=1

parameters:
[boosting: gbdt]
[objective: regression]
[metric: l2]
[tree_learner: serial]
[device_type: cpu]
[data_sample_strategy: bagging]
[data: ]
[valid: ]
[num_iterations: 300]
[learning_rate: 0.03]
[num_leaves: 15]
[num_threads: 10]
[seed: 42]
[deterministic: 0]
[force_col_wise: 0]
[force_row_wise: 0]
[histogram_pool_size: -1]
[max_depth: 5]
[min_data_in_leaf: 20]
[min_sum_hessian_in_leaf: 0.001]
[bagging_fraction: 0.8]
[pos_bagging_fraction: 1]
[neg_bagging_fraction: 1]
[bagging_freq: 0]
[bagging_seed: 400]
[bagging_by_query: 0]
[feature_fraction: 0.8]
[feature_fraction_bynode: 1]
[feature_fraction_seed: 30056]
[extra_trees: 0]
[extra_seed: 12879]
[early_stopping_round: 0]
[early_stopping_min_delta: 0]
[first_metric_only: 0]
[max_delta_step: 0]
[lambda_l1: 0]
[lambda_l2: 0]
[linear_lambda: 0]
[min_gain_to_split: 0]
[drop_rate: 0.1]
[max_drop: 50]
[skip_drop: 0.5]
[xgboost_dart_mode: 0]
[uniform_drop: 0]
[drop_seed: 17869]
[top_rate: 0.2]
[other_rate: 0.1]
[min_data_per_group: 100]
[max_cat_threshold: 32]
[cat_l2: 10]
[cat_smooth: 10]
[max_cat_to_onehot: 4]
[top_k: 20]
[monotone_constraints: ]
[monotone_constraints_method: basic]
[monotone_penalty: 0]
[feature_contri: ]
[forcedsplits_filename: ]
[refit_decay_rate: 0.9]
[cegb_tradeoff: 1]
[cegb_penalty_split: 0]
[cegb_penalty_feature_lazy: ]
[cegb_penalty_feature_coupled: ]
[path_smooth: 0]
[interaction_constraints: ]
[verbosity: -1]
[saved_feature_importance_type: 0]
[use_quantized_grad: 0]
[num_grad_quant_bins: 4]
[quant_train_renew_leaf: 0]
[stochastic_rounding: 1]
[linear_tree: 0]
[max_bin: 255]
[max_bin_by_feature: ]
[min_data_in_bin: 3]
[bin_construct_sample_cnt: 200000]
[data_random_seed: 175]
[is_enable_sparse: 1]
[enable_bundle: 1]
[use_missing: 1]
[zero_as_missing: 0]
[feature_pre_filter: 1]
[pre_partition: 0]
[two_round: 0]
[header: 0]
[label_column: ]
[weight_column: ]
[group_column: ]
[ignore_column: ]
[categorical_feature: ]
[forcedbins_filename: ]
[precise_float_parser: 0]
[parser_config_file: ]
[objective_seed: 16083]
[num_class: 1]
[is_unbalance: 0]
[scale_pos_weight: 1]
[sigmoid: 1]
[boost_from_average: 1]
[reg_sqrt: 0]
[alpha: 0.9]
[fair_c: 1]
[poisson_max_delta_step: 0.7]
[tweedie_variance_power: 1.5]
[lambdarank_truncation_level: 30]
[lambdarank_norm: 1]
[label_gain: ]
[lambdarank_position_bias_regularization: 0]
[eval_at: ]
[multi_error_top_k: 1]
[auc_mu_weights: ]
[num_machines: 1]
[local_listen_port: 12400]
[time_out: 120]
[machine_list_filename: ]
[machines: ]
[gpu_platform_id: -1]
[gpu_device_id: -1]
[gpu_use_dp: 0]
[num_gpu: 1]

end of parameters

pandas_categorical:[]
